imagesource:GoogleEarth
gsd:0.146343590398
730 3076 727 3049 803 3044 806 3073 ship 0
805 3074 804 3095 397 3088 397 3070 harbor 0
670 2603 671 2581 735 2583 736 2607 ship 0
964 1661 969 1640 1069 1661 1063 1683 ship 0
1069 1621 1065 1638 1001 1624 1006 1608 ship 0
1001 910 983 909 986 864 1006 865 ship 0
673 3927 670 3947 312 3901 314 3883 harbor 0
695 3705 695 3724 359 3701 359 3685 harbor 0
824 2889 825 2909 416 2916 417 2900 harbor 0
708 3122 708 3093 819 3094 819 3124 ship 0
757 2609 756 2629 437 2608 438 2592 harbor 0
948 2228 948 2247 485 2239 486 2218 harbor 0
1003 1978 990 2017 593 1898 604 1864 harbor 0
1028 1877 1023 1895 618 1795 624 1776 harbor 0
1060 1644 1056 1659 670 1554 673 1540 harbor 0
1064 1322 1061 1339 782 1290 783 1274 harbor 0
633 3070 633 3046 704 3043 705 3071 ship 0
686 3726 684 3744 629 3741 632 3719 ship 0
677 3899 674 3920 580 3913 581 3891 ship 0
555 3969 562 3934 670 3950 665 3988 ship 0
602 4095 599 4110 312 4096 313 4078 harbor 0
620 4110 617 4144 528 4136 530 4104 ship 0
657 4245 657 4266 287 4262 285 4240 harbor 0
454 4280 452 4263 492 4260 494 4279 ship 0
524 4307 522 4264 663 4264 663 4310 ship 0
609 4453 609 4475 230 4461 228 4438 harbor 0
540 4490 540 4473 606 4474 600 4503 ship 0
776 4494 748 4481 765 4414 805 4428 ship 0
589 4939 588 4961 314 4960 314 4943 harbor 0
537 4939 537 4919 579 4916 590 4940 ship 0
597 5316 605 5340 309 5395 306 5372 harbor 0
545 5325 541 5304 587 5297 589 5319 ship 0
739 3188 739 3216 398 3229 398 3204 harbor 0
1019 917 1018 927 759 920 757 907 harbor 0
