385.0 83.0 394.0 92.0 367.0 122.0 357.0 112.0 ship 0
395.0 93.0 404.0 103.0 376.0 130.0 367.0 121.0 ship 0
404.0 104.0 413.0 114.0 383.0 141.0 375.0 131.0 ship 0
391.0 159.0 380.0 148.0 414.0 112.0 425.0 124.0 ship 0
423.0 125.0 431.0 132.0 404.0 166.0 395.0 157.0 ship 0
412.0 176.0 403.0 166.0 434.0 132.0 444.0 143.0 ship 0
444.0 142.0 453.0 151.0 423.0 184.0 414.0 175.0 ship 0
453.0 151.0 463.0 161.0 436.0 193.0 426.0 185.0 ship 0
441.0 205.0 432.0 195.0 460.0 165.0 470.0 175.0 ship 0
456.0 211.0 447.0 200.0 473.0 174.0 483.0 185.0 ship 0
482.0 185.0 491.0 195.0 464.0 217.0 456.0 208.0 ship 0
492.0 192.0 503.0 203.0 470.0 232.0 460.0 222.0 ship 0
503.0 203.0 512.0 212.0 481.0 242.0 472.0 231.0 ship 0
511.0 215.0 512.0 232.0 491.0 254.0 482.0 244.0 ship 0
512.0 233.0 512.0 253.0 506.0 260.0 497.0 250.0 ship 2
299.0 208.0 290.0 198.0 320.0 169.0 329.0 180.0 ship 0
287.0 201.0 277.0 192.0 309.0 159.0 320.0 169.0 ship 0
277.0 192.0 268.0 183.0 298.0 149.0 308.0 161.0 ship 0
286.0 142.0 295.0 151.0 268.0 181.0 258.0 171.0 ship 0
257.0 170.0 247.0 161.0 270.0 136.0 281.0 146.0 ship 0
251.0 159.0 241.0 151.0 267.0 121.0 278.0 129.0 ship 0
239.0 150.0 230.0 141.0 259.0 109.0 268.0 119.0 ship 0
230.0 139.0 222.0 130.0 247.0 103.0 256.0 111.0 ship 0
221.0 129.0 213.0 121.0 242.0 88.0 250.0 97.0 ship 0
210.0 120.0 202.0 114.0 217.0 94.0 225.0 101.0 ship 0
200.0 111.0 191.0 102.0 214.0 77.0 223.0 85.0 ship 0
192.0 100.0 184.0 91.0 211.0 65.0 218.0 72.0 ship 0
182.0 89.0 173.0 79.0 200.0 53.0 208.0 64.0 ship 0
259.0 13.0 249.0 3.0 252.0 1.0 272.0 1.0 ship 2
298.0 1.0 308.0 7.0 274.0 38.0 265.0 28.0 ship 0
277.0 1.0 289.0 1.0 282.0 7.0 276.0 1.0 ship 2
307.0 6.0 316.0 13.0 295.0 39.0 286.0 32.0 ship 0
327.0 22.0 337.0 33.0 304.0 66.0 293.0 55.0 ship 0
338.0 35.0 347.0 43.0 322.0 68.0 314.0 60.0 ship 0
328.0 80.0 319.0 70.0 347.0 45.0 356.0 56.0 ship 0
336.0 95.0 326.0 85.0 355.0 56.0 365.0 65.0 ship 0
366.0 65.0 375.0 75.0 349.0 101.0 340.0 91.0 ship 0
305.0 219.0 298.0 212.0 316.0 193.0 324.0 201.0 ship 0
342.0 187.0 361.0 206.0 328.0 239.0 309.0 220.0 ship 0
336.0 250.0 329.0 242.0 359.0 210.0 367.0 219.0 ship 0
356.0 269.0 347.0 259.0 374.0 230.0 384.0 239.0 ship 0
512.0 407.0 512.0 425.0 510.0 428.0 501.0 420.0 ship 2
500.0 416.0 492.0 407.0 512.0 385.0 512.0 403.0 ship 2
492.0 407.0 484.0 399.0 505.0 375.0 512.0 383.0 ship 0
483.0 398.0 473.0 388.0 504.0 356.0 512.0 366.0 ship 0
489.0 350.0 499.0 361.0 473.0 389.0 462.0 379.0 ship 0
462.0 379.0 453.0 370.0 479.0 340.0 490.0 349.0 ship 0
452.0 370.0 444.0 360.0 469.0 333.0 478.0 341.0 ship 0
443.0 357.0 435.0 350.0 458.0 320.0 467.0 328.0 ship 0
434.0 350.0 425.0 341.0 447.0 312.0 458.0 321.0 ship 0
445.0 296.0 455.0 304.0 425.0 338.0 414.0 329.0 ship 0
413.0 329.0 404.0 319.0 434.0 288.0 443.0 297.0 ship 0
396.0 308.0 387.0 300.0 412.0 270.0 422.0 278.0 ship 0
401.0 259.0 412.0 268.0 384.0 301.0 374.0 291.0 ship 0
375.0 289.0 366.0 280.0 392.0 251.0 402.0 261.0 ship 0
366.0 279.0 356.0 271.0 382.0 242.0 392.0 251.0 ship 0
324.0 337.0 314.0 325.0 351.0 288.0 361.0 299.0 ship 0
150.0 61.0 142.0 52.0 164.0 25.0 174.0 34.0 ship 0
183.0 24.0 194.0 33.0 162.0 73.0 151.0 63.0 ship 0
187.0 46.0 195.0 55.0 171.0 80.0 162.0 72.0 ship 0
47.0 18.0 32.0 31.0 5.0 1.0 29.0 1.0 ship 2
29.0 29.0 18.0 40.0 1.0 22.0 1.0 1.0 ship 1
236.0 250.0 224.0 236.0 260.0 200.0 272.0 212.0 ship 0
272.0 212.0 282.0 221.0 253.0 255.0 241.0 245.0 ship 0
284.0 223.0 295.0 234.0 261.0 268.0 250.0 256.0 ship 0
295.0 234.0 305.0 244.0 272.0 281.0 261.0 271.0 ship 0
307.0 243.0 318.0 254.0 286.0 287.0 276.0 277.0 ship 0
321.0 256.0 330.0 268.0 292.0 299.0 283.0 288.0 ship 0
329.0 268.0 340.0 278.0 301.0 316.0 291.0 305.0 ship 0
304.0 1.0 327.0 1.0 512.0 188.0 512.0 211.0 harbor 2
118.0 54.0 130.0 42.0 512.0 432.0 512.0 454.0 harbor 0
117.0 118.0 107.0 106.0 140.0 76.0 150.0 87.0 ship 0
90.0 104.0 79.0 91.0 117.0 55.0 128.0 66.0 ship 0
136.0 146.0 125.0 134.0 161.0 98.0 173.0 110.0 ship 0
173.0 110.0 183.0 120.0 150.0 155.0 139.0 144.0 ship 0
156.0 171.0 144.0 159.0 183.0 121.0 196.0 134.0 ship 0
196.0 134.0 206.0 144.0 171.0 180.0 160.0 168.0 ship 0
206.0 144.0 216.0 154.0 176.0 197.0 165.0 185.0 ship 0
216.0 154.0 227.0 164.0 198.0 200.0 186.0 189.0 ship 0
227.0 166.0 238.0 177.0 206.0 216.0 194.0 204.0 ship 0
224.0 219.0 212.0 209.0 239.0 177.0 250.0 189.0 ship 0
250.0 189.0 260.0 200.0 230.0 230.0 220.0 219.0 ship 0
340.0 277.0 350.0 289.0 314.0 325.0 305.0 314.0 ship 0
361.0 299.0 372.0 310.0 337.0 347.0 326.0 336.0 ship 0
372.0 310.0 383.0 321.0 349.0 358.0 339.0 348.0 ship 0
384.0 321.0 394.0 332.0 359.0 368.0 350.0 358.0 ship 0
395.0 333.0 405.0 343.0 371.0 377.0 361.0 367.0 ship 0
403.0 345.0 414.0 356.0 381.0 388.0 371.0 378.0 ship 0
414.0 355.0 425.0 366.0 394.0 397.0 383.0 386.0 ship 0
403.0 415.0 392.0 402.0 426.0 369.0 436.0 382.0 ship 0
413.0 425.0 403.0 415.0 439.0 380.0 448.0 389.0 ship 0
428.0 432.0 417.0 420.0 448.0 390.0 460.0 402.0 ship 0
460.0 402.0 471.0 412.0 435.0 453.0 423.0 440.0 ship 0
449.0 458.0 439.0 448.0 471.0 413.0 482.0 424.0 ship 0
482.0 424.0 493.0 434.0 457.0 474.0 446.0 464.0 ship 0
493.0 435.0 504.0 446.0 470.0 482.0 458.0 472.0 ship 0
512.0 460.0 512.0 480.0 492.0 502.0 481.0 491.0 ship 0
503.0 450.0 512.0 459.0 481.0 491.0 472.0 481.0 ship 0
502.0 512.0 492.0 504.0 512.0 483.0 512.0 504.0 ship 2
232.0 396.0 244.0 408.0 211.0 442.0 201.0 431.0 ship 0
51.0 204.0 73.0 225.0 31.0 265.0 11.0 243.0 ship 0
64.0 234.0 74.0 245.0 42.0 275.0 31.0 265.0 ship 0
78.0 244.0 89.0 256.0 54.0 289.0 43.0 276.0 ship 0
99.0 265.0 109.0 275.0 75.0 309.0 65.0 298.0 ship 0
114.0 274.0 124.0 284.0 86.0 321.0 78.0 311.0 ship 0
120.0 290.0 130.0 300.0 97.0 333.0 87.0 323.0 ship 0
136.0 296.0 147.0 308.0 109.0 344.0 99.0 334.0 ship 0
118.0 352.0 111.0 346.0 131.0 325.0 138.0 332.0 ship 0
163.0 330.0 175.0 339.0 139.0 377.0 128.0 366.0 ship 0
175.0 343.0 186.0 352.0 150.0 387.0 141.0 377.0 ship 0
182.0 358.0 192.0 368.0 162.0 399.0 152.0 388.0 ship 0
191.0 370.0 199.0 379.0 172.0 410.0 161.0 401.0 ship 0
206.0 374.0 219.0 386.0 188.0 420.0 175.0 408.0 ship 0
218.0 386.0 229.0 397.0 200.0 432.0 188.0 420.0 ship 0
243.0 410.0 252.0 418.0 217.0 456.0 206.0 446.0 ship 0
226.0 468.0 215.0 459.0 244.0 428.0 254.0 439.0 ship 0
263.0 429.0 276.0 440.0 239.0 479.0 227.0 468.0 ship 0
280.0 438.0 292.0 450.0 250.0 491.0 239.0 480.0 ship 0
286.0 458.0 297.0 471.0 261.0 502.0 252.0 491.0 ship 0
304.0 485.0 312.0 494.0 290.0 512.0 272.0 512.0 ship 0
497.0 16.0 488.0 6.0 493.0 1.0 512.0 1.0 ship 2
512.0 1.0 512.0 18.0 509.0 21.0 500.0 13.0 ship 2
506.0 180.0 496.0 171.0 512.0 153.0 512.0 174.0 ship 2
495.0 170.0 485.0 158.0 512.0 133.0 512.0 153.0 ship 0
476.0 151.0 468.0 143.0 495.0 112.0 505.0 122.0 ship 0
482.0 107.0 492.0 115.0 467.0 143.0 459.0 134.0 ship 0
455.0 130.0 447.0 121.0 475.0 94.0 484.0 102.0 ship 0
470.0 80.0 479.0 89.0 447.0 121.0 438.0 110.0 ship 0
437.0 110.0 429.0 101.0 454.0 76.0 463.0 86.0 ship 0
417.0 90.0 409.0 83.0 430.0 61.0 438.0 69.0 ship 0
410.0 80.0 401.0 71.0 430.0 44.0 440.0 53.0 ship 0
399.0 73.0 389.0 63.0 417.0 36.0 427.0 46.0 ship 0
389.0 63.0 379.0 53.0 413.0 17.0 424.0 27.0 ship 0
380.0 52.0 370.0 43.0 396.0 13.0 407.0 23.0 ship 0
361.0 33.0 351.0 24.0 372.0 1.0 386.0 2.0 ship 0
350.0 22.0 340.0 12.0 353.0 1.0 372.0 1.0 ship 0
