385.0 339.0 394.0 348.0 367.0 378.0 357.0 368.0 ship 0
395.0 349.0 404.0 359.0 376.0 386.0 367.0 377.0 ship 0
404.0 360.0 413.0 370.0 383.0 397.0 375.0 387.0 ship 0
391.0 415.0 380.0 404.0 414.0 368.0 425.0 380.0 ship 0
423.0 381.0 431.0 388.0 404.0 422.0 395.0 413.0 ship 0
412.0 432.0 403.0 422.0 434.0 388.0 444.0 399.0 ship 0
444.0 398.0 453.0 407.0 423.0 440.0 414.0 431.0 ship 0
453.0 407.0 463.0 417.0 436.0 449.0 426.0 441.0 ship 0
441.0 461.0 432.0 451.0 460.0 421.0 470.0 431.0 ship 0
456.0 467.0 447.0 456.0 473.0 430.0 483.0 441.0 ship 0
482.0 441.0 491.0 451.0 464.0 473.0 456.0 464.0 ship 0
492.0 448.0 503.0 459.0 470.0 488.0 460.0 478.0 ship 0
503.0 459.0 512.0 468.0 481.0 498.0 472.0 487.0 ship 0
511.0 471.0 512.0 488.0 491.0 510.0 482.0 500.0 ship 0
512.0 489.0 510.0 510.0 502.0 512.0 497.0 506.0 ship 2
251.0 201.0 260.0 210.0 235.0 237.0 226.0 229.0 ship 0
299.0 464.0 290.0 454.0 320.0 425.0 329.0 436.0 ship 0
287.0 457.0 277.0 448.0 309.0 415.0 320.0 425.0 ship 0
277.0 448.0 268.0 439.0 298.0 405.0 308.0 417.0 ship 0
286.0 398.0 295.0 407.0 268.0 437.0 258.0 427.0 ship 0
257.0 426.0 247.0 417.0 270.0 392.0 281.0 402.0 ship 0
251.0 415.0 241.0 407.0 267.0 377.0 278.0 385.0 ship 0
239.0 406.0 230.0 397.0 259.0 365.0 268.0 375.0 ship 0
230.0 395.0 222.0 386.0 247.0 359.0 256.0 367.0 ship 0
221.0 385.0 213.0 377.0 242.0 344.0 250.0 353.0 ship 0
210.0 376.0 202.0 370.0 217.0 350.0 225.0 357.0 ship 0
200.0 367.0 191.0 358.0 214.0 333.0 223.0 341.0 ship 0
192.0 356.0 184.0 347.0 211.0 321.0 218.0 328.0 ship 0
182.0 345.0 173.0 335.0 200.0 309.0 208.0 320.0 ship 0
219.0 228.0 210.0 218.0 235.0 196.0 244.0 207.0 ship 0
243.0 248.0 234.0 239.0 260.0 211.0 269.0 220.0 ship 0
270.0 222.0 278.0 232.0 250.0 257.0 242.0 248.0 ship 0
259.0 269.0 249.0 259.0 280.0 231.0 289.0 241.0 ship 0
299.0 253.0 308.0 263.0 274.0 294.0 265.0 284.0 ship 0
290.0 243.0 296.0 250.0 282.0 263.0 276.0 257.0 ship 0
307.0 262.0 316.0 269.0 295.0 295.0 286.0 288.0 ship 0
327.0 278.0 337.0 289.0 304.0 322.0 293.0 311.0 ship 0
338.0 291.0 347.0 299.0 322.0 324.0 314.0 316.0 ship 0
328.0 336.0 319.0 326.0 347.0 301.0 356.0 312.0 ship 0
336.0 351.0 326.0 341.0 355.0 312.0 365.0 321.0 ship 0
366.0 321.0 375.0 331.0 349.0 357.0 340.0 347.0 ship 0
305.0 475.0 298.0 468.0 316.0 449.0 324.0 457.0 ship 0
342.0 443.0 361.0 462.0 328.0 495.0 309.0 476.0 ship 0
336.0 506.0 329.0 498.0 359.0 466.0 367.0 475.0 ship 0
368.0 512.0 349.0 512.0 374.0 486.0 384.0 495.0 ship 0
387.0 512.0 369.0 512.0 382.0 498.0 392.0 507.0 ship 2
141.0 209.0 152.0 221.0 120.0 255.0 107.0 243.0 ship 0
150.0 317.0 142.0 308.0 164.0 281.0 174.0 290.0 ship 0
183.0 280.0 194.0 289.0 162.0 329.0 151.0 319.0 ship 0
187.0 302.0 195.0 311.0 171.0 336.0 162.0 328.0 ship 0
53.0 253.0 42.0 265.0 3.0 226.0 13.0 215.0 ship 0
47.0 274.0 32.0 287.0 1.0 251.0 1.0 226.0 ship 1
29.0 285.0 18.0 296.0 0.0 278.0 1.0 254.0 ship 1
236.0 506.0 224.0 492.0 260.0 456.0 272.0 468.0 ship 0
272.0 468.0 282.0 477.0 253.0 511.0 241.0 501.0 ship 0
284.0 479.0 295.0 490.0 273.0 512.0 250.0 512.0 ship 0
295.0 490.0 305.0 500.0 294.0 512.0 274.0 512.0 ship 2
307.0 499.0 318.0 510.0 316.0 512.0 295.0 512.0 ship 2
358.0 74.0 370.0 64.0 512.0 207.0 512.0 229.0 harbor 2
241.0 191.0 253.0 179.0 512.0 444.0 512.0 467.0 harbor 2
118.0 310.0 130.0 298.0 339.0 512.0 316.0 512.0 harbor 2
117.0 374.0 107.0 362.0 140.0 332.0 150.0 343.0 ship 0
90.0 360.0 79.0 347.0 117.0 311.0 128.0 322.0 ship 0
136.0 402.0 125.0 390.0 161.0 354.0 173.0 366.0 ship 0
173.0 366.0 183.0 376.0 150.0 411.0 139.0 400.0 ship 0
156.0 427.0 144.0 415.0 183.0 377.0 196.0 390.0 ship 0
196.0 390.0 206.0 400.0 171.0 436.0 160.0 424.0 ship 0
206.0 400.0 216.0 410.0 176.0 453.0 165.0 441.0 ship 0
216.0 410.0 227.0 420.0 198.0 456.0 186.0 445.0 ship 0
227.0 422.0 238.0 433.0 206.0 472.0 194.0 460.0 ship 0
224.0 475.0 212.0 465.0 239.0 433.0 250.0 445.0 ship 0
250.0 445.0 260.0 456.0 230.0 486.0 220.0 475.0 ship 0
155.0 143.0 144.0 155.0 108.0 120.0 119.0 109.0 ship 0
163.0 127.0 154.0 138.0 121.0 109.0 131.0 98.0 ship 0
179.0 117.0 170.0 127.0 130.0 96.0 140.0 84.0 ship 0
182.0 103.0 175.0 113.0 141.0 85.0 150.0 74.0 ship 0
204.0 103.0 193.0 114.0 153.0 72.0 164.0 61.0 ship 0
223.0 91.0 211.0 103.0 169.0 65.0 180.0 53.0 ship 0
185.0 45.0 194.0 35.0 229.0 68.0 220.0 78.0 ship 0
247.0 65.0 233.0 75.0 198.0 31.0 211.0 22.0 ship 0
255.0 40.0 245.0 50.0 210.0 18.0 221.0 7.0 ship 0
264.0 26.0 256.0 35.0 226.0 2.0 238.0 1.0 ship 0
261.0 1.0 281.0 1.0 285.0 3.0 277.0 13.0 ship 2
308.0 2.0 297.0 14.0 281.0 1.0 305.0 1.0 ship 2
51.0 460.0 73.0 481.0 40.0 512.0 16.0 505.0 ship 0
64.0 490.0 74.0 501.0 62.0 512.0 40.0 512.0 ship 2
417.0 135.0 426.0 144.0 394.0 171.0 386.0 160.0 ship 0
427.0 144.0 437.0 155.0 400.0 186.0 392.0 174.0 ship 0
437.0 156.0 446.0 165.0 416.0 194.0 407.0 185.0 ship 0
424.0 209.0 414.0 199.0 446.0 164.0 458.0 175.0 ship 0
458.0 174.0 465.0 182.0 439.0 210.0 432.0 202.0 ship 0
475.0 195.0 484.0 204.0 455.0 235.0 446.0 226.0 ship 0
489.0 203.0 500.0 215.0 465.0 249.0 455.0 239.0 ship 0
507.0 222.0 512.0 230.0 487.0 260.0 478.0 251.0 ship 0
497.0 272.0 488.0 262.0 512.0 236.0 512.0 256.0 ship 0
512.0 257.0 512.0 274.0 509.0 277.0 500.0 269.0 ship 2
408.0 124.0 417.0 133.0 391.0 157.0 383.0 148.0 ship 0
400.0 113.0 408.0 122.0 379.0 151.0 371.0 142.0 ship 0
390.0 103.0 399.0 111.0 369.0 142.0 360.0 133.0 ship 0
380.0 94.0 389.0 103.0 355.0 135.0 347.0 126.0 ship 0
506.0 436.0 496.0 427.0 512.0 409.0 512.0 430.0 ship 2
495.0 426.0 485.0 414.0 512.0 389.0 512.0 409.0 ship 0
476.0 407.0 468.0 399.0 495.0 368.0 505.0 378.0 ship 0
482.0 363.0 492.0 371.0 467.0 399.0 459.0 390.0 ship 0
455.0 386.0 447.0 377.0 475.0 350.0 484.0 358.0 ship 0
470.0 336.0 479.0 345.0 447.0 377.0 438.0 366.0 ship 0
437.0 366.0 429.0 357.0 454.0 332.0 463.0 342.0 ship 0
417.0 346.0 409.0 339.0 430.0 317.0 438.0 325.0 ship 0
410.0 336.0 401.0 327.0 430.0 300.0 440.0 309.0 ship 0
399.0 329.0 389.0 319.0 417.0 292.0 427.0 302.0 ship 0
389.0 319.0 379.0 309.0 413.0 273.0 424.0 283.0 ship 0
380.0 308.0 370.0 299.0 396.0 269.0 407.0 279.0 ship 0
361.0 289.0 351.0 280.0 378.0 250.0 389.0 260.0 ship 0
350.0 278.0 340.0 268.0 367.0 244.0 376.0 253.0 ship 0
331.0 259.0 322.0 249.0 351.0 218.0 363.0 228.0 ship 0
320.0 247.0 313.0 240.0 341.0 212.0 348.0 219.0 ship 0
330.0 202.0 339.0 212.0 312.0 239.0 302.0 229.0 ship 0
300.0 228.0 292.0 218.0 320.0 186.0 332.0 197.0 ship 0
284.0 210.0 274.0 200.0 300.0 171.0 310.0 183.0 ship 0
364.0 75.0 371.0 84.0 348.0 100.0 341.0 92.0 ship 0
371.0 82.0 380.0 93.0 349.0 121.0 341.0 112.0 ship 0
449.0 142.0 440.0 134.0 464.0 102.0 475.0 109.0 ship 0
461.0 88.0 471.0 96.0 441.0 129.0 431.0 119.0 ship 0
430.0 120.0 422.0 112.0 446.0 87.0 455.0 95.0 ship 0
422.0 111.0 412.0 102.0 439.0 75.0 449.0 83.0 ship 0
411.0 102.0 402.0 93.0 430.0 63.0 440.0 72.0 ship 0
402.0 91.0 393.0 82.0 423.0 52.0 432.0 60.0 ship 0
394.0 79.0 385.0 71.0 409.0 42.0 420.0 52.0 ship 0
400.0 33.0 410.0 42.0 382.0 72.0 371.0 62.0 ship 0
495.0 1.0 510.0 1.0 486.0 24.0 479.0 16.0 ship 0
498.0 34.0 489.0 26.0 512.0 1.0 512.0 18.0 ship 0
512.0 21.0 512.0 40.0 507.0 46.0 497.0 37.0 ship 2
458.0 153.0 450.0 144.0 478.0 117.0 486.0 125.0 ship 0
468.0 162.0 459.0 154.0 489.0 122.0 500.0 131.0 ship 0
490.0 141.0 498.0 147.0 480.0 167.0 473.0 160.0 ship 0
488.0 181.0 479.0 171.0 510.0 143.0 512.0 157.0 ship 0
512.0 175.0 512.0 197.0 510.0 200.0 499.0 190.0 ship 2
512.0 157.0 512.0 174.0 499.0 188.0 491.0 180.0 ship 2
