251.0 457.0 260.0 466.0 235.0 493.0 226.0 485.0 ship 0
219.0 484.0 210.0 474.0 235.0 452.0 244.0 463.0 ship 0
243.0 504.0 234.0 495.0 260.0 467.0 269.0 476.0 ship 0
270.0 478.0 278.0 488.0 250.0 512.0 242.0 504.0 ship 0
272.0 512.0 252.0 512.0 280.0 487.0 289.0 497.0 ship 0
290.0 499.0 296.0 506.0 289.0 512.0 277.0 512.0 ship 0
380.0 185.0 369.0 196.0 333.0 159.0 344.0 147.0 ship 0
393.0 174.0 382.0 183.0 344.0 144.0 353.0 134.0 ship 0
355.0 135.0 360.0 128.0 378.0 145.0 371.0 152.0 ship 0
419.0 160.0 407.0 173.0 361.0 127.0 372.0 116.0 ship 0
425.0 142.0 413.0 152.0 375.0 115.0 386.0 103.0 ship 0
427.0 124.0 417.0 133.0 387.0 105.0 397.0 93.0 ship 0
444.0 116.0 434.0 127.0 398.0 94.0 408.0 82.0 ship 0
469.0 91.0 459.0 100.0 429.0 67.0 440.0 57.0 ship 0
478.0 80.0 467.0 89.0 441.0 55.0 453.0 47.0 ship 0
506.0 74.0 492.0 86.0 453.0 44.0 467.0 31.0 ship 0
510.0 52.0 500.0 63.0 467.0 31.0 478.0 20.0 ship 0
512.0 30.0 512.0 53.0 477.0 18.0 488.0 7.0 ship 0
141.0 465.0 152.0 477.0 120.0 511.0 107.0 499.0 ship 0
51.0 510.0 33.0 512.0 3.0 482.0 13.0 471.0 ship 0
29.0 512.0 5.0 512.0 1.0 507.0 1.0 482.0 ship 2
369.0 196.0 359.0 208.0 319.0 169.0 331.0 157.0 ship 0
357.0 212.0 347.0 222.0 307.0 181.0 317.0 169.0 ship 0
343.0 219.0 335.0 228.0 298.0 192.0 306.0 182.0 ship 0
323.0 222.0 314.0 230.0 287.0 200.0 296.0 192.0 ship 0
478.0 214.0 488.0 202.0 512.0 226.0 512.0 248.0 harbor 2
358.0 330.0 370.0 320.0 512.0 463.0 512.0 485.0 harbor 2
241.0 447.0 253.0 435.0 327.0 512.0 304.0 512.0 harbor 2
155.0 399.0 144.0 411.0 108.0 376.0 119.0 365.0 ship 0
163.0 383.0 154.0 394.0 121.0 365.0 131.0 354.0 ship 0
179.0 373.0 170.0 383.0 130.0 352.0 140.0 340.0 ship 0
182.0 359.0 175.0 369.0 141.0 341.0 150.0 330.0 ship 0
204.0 359.0 193.0 370.0 153.0 328.0 164.0 317.0 ship 0
223.0 347.0 211.0 359.0 169.0 321.0 180.0 309.0 ship 0
185.0 301.0 194.0 291.0 229.0 324.0 220.0 334.0 ship 0
247.0 321.0 233.0 331.0 198.0 287.0 211.0 278.0 ship 0
255.0 296.0 245.0 306.0 210.0 274.0 221.0 263.0 ship 0
264.0 282.0 256.0 291.0 225.0 260.0 233.0 251.0 ship 0
246.0 243.0 254.0 232.0 285.0 259.0 277.0 269.0 ship 0
308.0 258.0 297.0 270.0 255.0 232.0 265.0 220.0 ship 0
303.0 237.0 294.0 245.0 269.0 219.0 277.0 210.0 ship 0
312.0 228.0 304.0 237.0 277.0 210.0 285.0 201.0 ship 0
417.0 391.0 426.0 400.0 394.0 427.0 386.0 416.0 ship 0
427.0 400.0 437.0 411.0 400.0 442.0 392.0 430.0 ship 0
437.0 412.0 446.0 421.0 416.0 450.0 407.0 441.0 ship 0
424.0 465.0 414.0 455.0 446.0 420.0 458.0 431.0 ship 0
458.0 430.0 465.0 438.0 439.0 466.0 432.0 458.0 ship 0
475.0 451.0 484.0 460.0 455.0 491.0 446.0 482.0 ship 0
489.0 459.0 500.0 471.0 465.0 505.0 455.0 495.0 ship 0
408.0 380.0 417.0 389.0 391.0 413.0 383.0 404.0 ship 0
400.0 369.0 408.0 378.0 379.0 407.0 371.0 398.0 ship 0
390.0 359.0 399.0 367.0 369.0 398.0 360.0 389.0 ship 0
380.0 350.0 389.0 359.0 355.0 391.0 347.0 382.0 ship 0
372.0 512.0 353.0 512.0 367.0 500.0 376.0 509.0 ship 2
331.0 512.0 322.0 505.0 351.0 474.0 363.0 484.0 ship 0
320.0 503.0 313.0 496.0 341.0 468.0 348.0 475.0 ship 0
330.0 458.0 339.0 468.0 312.0 495.0 302.0 485.0 ship 0
300.0 484.0 292.0 474.0 320.0 442.0 332.0 453.0 ship 0
284.0 466.0 274.0 456.0 300.0 427.0 310.0 439.0 ship 0
364.0 331.0 371.0 340.0 348.0 356.0 341.0 348.0 ship 0
371.0 338.0 380.0 349.0 349.0 377.0 341.0 368.0 ship 0
449.0 398.0 440.0 390.0 464.0 358.0 475.0 365.0 ship 0
461.0 344.0 471.0 352.0 441.0 385.0 431.0 375.0 ship 0
430.0 376.0 422.0 368.0 446.0 343.0 455.0 351.0 ship 0
422.0 367.0 412.0 358.0 439.0 331.0 449.0 339.0 ship 0
411.0 358.0 402.0 349.0 430.0 319.0 440.0 328.0 ship 0
402.0 347.0 393.0 338.0 423.0 308.0 432.0 316.0 ship 0
394.0 335.0 385.0 327.0 409.0 298.0 420.0 308.0 ship 0
400.0 289.0 410.0 298.0 382.0 328.0 371.0 318.0 ship 0
477.0 215.0 486.0 225.0 457.0 251.0 450.0 241.0 ship 0
498.0 210.0 491.0 202.0 512.0 181.0 512.0 196.0 ship 2
506.0 216.0 499.0 208.0 512.0 196.0 512.0 210.0 ship 2
507.0 244.0 512.0 251.0 486.0 280.0 479.0 272.0 ship 0
498.0 290.0 489.0 282.0 512.0 257.0 512.0 274.0 ship 0
512.0 277.0 512.0 296.0 507.0 302.0 497.0 293.0 ship 2
458.0 409.0 450.0 400.0 478.0 373.0 486.0 381.0 ship 0
468.0 418.0 459.0 410.0 489.0 378.0 500.0 387.0 ship 0
490.0 397.0 498.0 403.0 480.0 423.0 473.0 416.0 ship 0
488.0 437.0 479.0 427.0 510.0 399.0 512.0 413.0 ship 0
512.0 431.0 512.0 453.0 510.0 456.0 499.0 446.0 ship 2
512.0 413.0 512.0 430.0 499.0 444.0 491.0 436.0 ship 2
